id	label	x	y	cluster	weight<Links>	weight<Total link strength>	weight<Documents>	weight<Citations>	weight<Norm. citations>	score<Avg. pub. year>	score<Avg. citations>	score<Avg. norm. citations>
1	"acan, sinan c."	1.0884	-0.0781	2	21	21	1	1	0.0845	2016	1	0.0845
2	"acar, omer"	0.758	-0.0317	11	7	7	1	15	1.25	2015	15	1.25
3	"akbulut, ozge"	-0.3643	0.9231	3	10	10	1	30	1.1475	2018	30	1.1475
4	"aksu, soner"	0.0242	-0.2693	4	8	8	1	2	0.1667	2015	2	0.1667
5	"akyol, aytekin"	-0.281	0.9357	3	10	10	1	30	1.1475	2018	30	1.1475
6	"alagna, fiammetta"	0.48	0.8656	7	13	13	1	0	0	2017	0	0
7	"alkan, can"	-0.0389	0.0244	10	168	280	42	585	41	2018.0244	13.9286	0.9762
8	"almadhoun, nour"	-0.4119	0.1788	10	4	4	1	0	0	2016	0	0
9	"alser, mohammed"	-0.6294	-0.0481	1	49	92	12	187	15.5805	2019.25	15.5833	1.2984
10	"alserr, nour almadhoun"	-0.7324	-0.458	1	17	17	1	0	1	2022	0	1
11	"amemiya, chris t."	0.3511	0.5303	9	8	8	1	16	1.4257	2017	16	1.4257
12	"amini, hajar"	0.2953	0.0703	13	4	4	1	14	0.4746	2019	14	0.4746
13	"anaclerio, fabio"	0.5654	0.7796	7	13	35	3	33	2.7887	2016.3333	11	0.9296
14	"antonacci, donato"	0.397	0.783	7	13	35	3	33	2.7887	2016.3333	11	0.9296
15	"antonacci, francesca"	0.289	0.5799	9	8	8	1	16	1.4257	2017	16	1.4257
16	"asghari, hossein"	-0.0166	-0.3784	4	6	6	1	18	1.604	2017	18	1.604
17	"ausavarungnirun, rachata"	-0.7608	-0.1553	1	15	15	1	14	1.4237	2020	14	1.4237
18	"ayday, erman"	-0.3798	0.2219	10	6	7	2	59	2.2568	2017	29.5	1.1284
19	"baird, douglas"	1.1408	0.0054	2	21	21	1	1	0.0845	2016	1	0.0845
20	"balliu, brunilda"	-0.8806	0.1263	5	16	16	1	5	2	2021	5	2
21	"bar-joseph, ziv"	-0.4604	-0.3687	1	3	3	1	13	0.4973	2018	13	0.4973
22	"baykal, pelin ıcer"	-0.9123	0.2083	5	16	16	1	5	2	2021	5	2
23	"bergamini, carlo"	0.5003	0.6979	7	13	35	3	33	2.7887	2016.3333	11	0.9296
24	"berger, bonnie"	-0.1332	-0.4472	4	5	5	1	20	0.765	2018	20	0.765
25	"bicakci, erhan"	1.0014	-0.1243	2	21	21	1	1	0.0845	2016	1	0.0845
26	"bingol, zulal"	-0.6896	-0.2762	1	24	42	4	29	3.9492	2020.75	7.25	0.9873
27	"borgoni, simone"	-0.3603	0.8795	3	10	10	1	30	1.1475	2018	30	1.1475
28	"boroumand, amirali"	-0.815	-0.1793	1	15	15	1	14	1.4237	2020	14	1.4237
29	"buyukkarakaya, ali m."	1.0357	-0.1595	2	21	21	1	1	0.0845	2016	1	0.0845
30	"caii, damla senol"	-0.4913	-0.2696	1	6	6	1	12	1.2203	2020	12	1.2203
31	"cali, damla senol"	-0.6255	-0.2865	1	27	56	6	171	9.0282	2019.8	28.5	1.5047
32	"carbone, lucia"	0.1202	-1.0587	6	14	14	1	0	1	2022	0	1
33	"cardone, maria francesca"	0.5016	0.8078	7	13	35	3	33	2.7887	2016.3333	11	0.9296
34	"catacchio, claudia rita"	0.5458	0.8378	7	13	35	3	33	2.7887	2016.3333	11	0.9296
35	"cavlak, meryem banu"	-0.6387	-0.4023	1	18	22	2	0	1	2022	0	0.5
36	"cheng, clooney c. y."	0.1579	-1.0448	6	14	14	1	0	1	2022	0	1
37	"chiatante, giorgia"	0.3833	0.6898	7	19	43	4	49	4.2145	2016.5	12.25	1.0536
38	"church, deanna m."	0.4677	-0.4212	12	6	6	1	11	0.9802	2017	11	0.9802
39	"cicek, a. ercument"	-0.4754	-0.3242	1	7	9	2	25	1.7176	2019	12.5	0.8588
40	"d'addabbo, pietro"	0.4481	0.738	7	13	35	3	33	2.7887	2016.3333	11	0.9296
41	"dagtas, nihan d."	1.1217	-0.114	2	21	21	1	1	0.0845	2016	1	0.0845
42	"dal, elif"	-0.0397	0.1695	10	1	1	1	0	0	2018	0	0
43	"demir, gulfem"	0.7189	-0.0285	11	7	8	2	16	1.2839	2017	8	0.6419
44	"dennis, megan"	0.1628	-1.1345	6	14	14	1	0	1	2022	0	1
45	"deshpande, dhrithi"	-0.8485	0.2649	5	16	16	1	5	2	2021	5	2
46	"donertas, melike"	1.0934	0.0197	2	21	21	1	1	0.0845	2016	1	0.0845
47	"durmus, selvi"	-0.3143	0.8717	3	10	10	1	30	1.1475	2018	30	1.1475
48	"ebren, ezgi"	0.2503	0.4368	9	5	5	1	5	0.5085	2020	5	0.5085
49	"eichler, evan e."	0.36	0.5708	9	8	8	1	16	1.4257	2017	16	1.4257
50	"emmons, john"	-0.3189	-0.0451	8	8	13	2	44	3.6843	2015.5	22	1.8421
51	"enriquez-gasca, rocio"	0.0763	-1.0665	6	14	14	1	0	1	2022	0	1
52	"erdal, yilmaz s."	1.1291	-0.1638	2	21	21	1	1	0.0845	2016	1	0.0845
53	"ergin, oguz"	-0.4422	-0.1643	8	9	14	2	101	5.8977	2017.5	50.5	2.9488
54	"ernst, jason"	0.2168	-1.0745	6	14	14	1	0	1	2022	0	1
55	"ersan, pelin"	-0.2236	0.7095	3	8	8	1	0	0	2017	0	0
56	"ersan, pelin gulizar"	-0.3428	0.6888	3	8	8	1	0	0	2017	0	0
57	"esen, tarik"	0.7478	-0.0674	11	7	7	1	15	1.25	2015	15	1.25
58	"evrony, gilad"	0.1198	-1.1375	6	14	14	1	0	1	2022	0	1
59	"eyupoglu, erol"	-0.2635	0.8171	3	17	26	3	30	1.1475	2017.3333	10	0.3825
60	"firtina, can"	-0.591	-0.3351	1	26	47	6	61	6.0005	2019.2	10.1667	1.0001
61	"gautheret, daniel"	-0.2811	0.6881	3	10	16	2	0	0	2017	0	0
62	"ghiasi, nika mansouri"	-0.7063	-0.4051	1	17	17	1	0	1	2022	0	1
63	"ghose, saugata"	-0.6458	-0.2336	1	27	51	5	171	9.0282	2019.8	34.2	1.8056
64	"giannuzzi, giuliana"	0.4512	0.7945	7	13	35	3	33	2.7887	2016.3333	11	0.9296
65	"girirajan, santhosh"	0.2037	-1.0349	6	14	14	1	0	1	2022	0	1
66	"gokkaya, alim s."	-0.0968	-0.4396	4	5	5	1	20	0.765	2018	20	0.765
67	"gomez-luna, juan"	-0.7388	-0.2568	1	24	36	3	27	3.7458	2020.6667	9	1.2486
68	"gotherstrom, anders"	1.0816	-0.178	2	21	21	1	1	0.0845	2016	1	0.0845
69	"gould, poppy"	0.1727	-1.082	6	14	14	1	0	1	2022	0	1
70	"greth, john"	-0.3445	0.004	8	6	6	1	29	2.4167	2015	29	2.4167
71	"gungor, tunga"	0.0444	-0.354	4	11	14	2	20	1.7706	2016	10	0.8853
72	"hach, faraz"	-0.0682	-0.3254	4	19	27	5	42	3.7023	2017.4	8.4	0.7405
73	"haddow, scott"	1.0812	-0.1299	2	21	21	1	1	0.0845	2016	1	0.0845
74	"hajirasouliha, ıman"	0.2213	0.4598	9	5	5	1	5	0.5085	2020	5	0.5085
75	"hassan, hasan"	-0.4613	-0.0984	8	10	18	3	123	6.6435	2018	41	2.2145
76	"hodder, ıan"	1.0111	-0.0252	2	21	21	1	1	0.0845	2016	1	0.0845
77	"hormozdiari, farhad"	-0.2671	-0.224	8	5	5	1	2	0.1667	2015	2	0.1667
78	"hormozdiari, fereydoun"	0.2572	0.0844	13	5	7	2	25	1.4548	2018	12.5	0.7274
79	"jakobsson, mattias"	1.0455	-0.1052	2	21	21	1	1	0.0845	2016	1	0.0845
80	"kahveci, fatma"	0.0451	0.0863	10	1	1	1	0	0	2018	0	0
81	"kalsi, gurpreet s."	-0.7455	-0.3146	1	23	32	2	14	2.4237	2021	7	1.2119
82	"kanellopoulos, konstantinos"	-0.6777	-0.4497	1	17	17	1	0	1	2022	0	1
83	"karaoglanoglu, fatih"	0.2285	0.4108	9	5	5	1	5	0.5085	2020	5	0.5085
84	"kavak, pinar"	0.0099	-0.3251	4	11	14	2	20	1.7706	2016	10	0.8853
85	"kilinc, gulsah merve"	1.1712	-0.0342	2	21	21	1	1	0.0845	2016	1	0.0845
86	"kim, jeremie"	-0.6801	-0.3542	1	17	23	2	15	2.5254	2021	7.5	1.2627
87	"kim, jeremie s."	-0.5699	-0.2209	1	22	39	5	168	7.7232	2019.25	33.6	1.5446
88	"kingsford, carl"	-0.2862	0.0153	8	8	13	2	44	3.6843	2015.5	22	1.8421
89	"knusel, christopher"	0.9993	-0.0746	2	21	21	1	1	0.0845	2016	1	0.0845
90	"knyazev, sergey"	-0.7708	0.1799	5	16	16	1	5	2	2021	5	2
91	"kockan, can"	0.215	0.0798	13	3	3	1	11	0.9802	2017	11	0.9802
92	"koptekin, dilek"	1.0455	-0.0606	2	21	21	1	1	0.0845	2016	1	0.0845
93	"koslicki, david"	-0.8214	0.173	5	16	16	1	5	2	2021	5	2
94	"kulekci, m. oguzhan"	0.0618	-0.2517	4	8	8	1	2	0.1667	2015	2	0.1667
95	"kumar, akash"	-0.4877	-0.0279	8	4	4	1	22	0.7458	2019	22	0.7458
96	"kutuk, ozgur"	-0.3259	0.9516	3	10	10	1	30	1.1475	2018	30	1.1475
97	"lack, nathan a."	0.7534	0.0052	11	7	7	1	15	1.25	2015	15	1.25
98	"larsen, clark s."	1.1369	-0.0726	2	21	21	1	1	0.0845	2016	1	0.0845
99	"lee, donghyuk"	-0.3549	-0.2077	8	11	14	2	63	2.5	2016.5	31.5	1.25
100	"leung, danny chi yeu"	0.1301	-1.0063	6	14	14	1	0	1	2022	0	1
101	"lin, yen-yi"	0.0075	-0.4097	4	6	6	1	18	1.604	2017	18	1.604
102	"lindegger, joel"	-0.7454	-0.3771	1	17	17	1	0	1	2022	0	1
103	"macalpine, david"	0.0895	-1.1062	6	14	14	1	0	1	2022	0	1
104	"mangul, serghei"	-0.9127	0.1629	5	16	16	1	5	2	2021	5	2
105	"marra, annamaria"	0.5055	0.7546	7	13	35	3	33	2.7887	2016.3333	11	0.9296
106	"miroballo, mattia"	0.3272	0.5967	9	8	8	1	16	1.4257	2017	16	1.4257
107	"montague, michael j."	0.4034	-0.4307	12	6	6	1	11	0.9802	2017	11	0.9802
108	"mutlu, onur"	-0.5603	-0.1014	8	54	115	16	314	22.1772	2018.6667	19.625	1.3861
109	"nahar, sunny"	-0.2563	-0.068	8	7	7	1	15	1.2676	2016	15	1.2676
110	"ni, ting"	0.2009	-1.1164	6	14	14	1	0	1	2022	0	1
111	"nori, anant"	-0.7679	-0.2114	1	15	15	1	14	1.4237	2020	14	1.4237
112	"nouri, azita"	-0.4317	0.2066	10	4	4	1	0	0	2016	0	0
113	"numanagic, ıbrahim"	-0.0772	-0.3868	4	10	14	3	38	3.369	2019	12.6667	1.123
114	"omrak, ayca"	1.043	0.0122	2	21	21	1	1	0.0845	2016	1	0.0845
115	"ozer, fusun"	1.1831	-0.0837	2	21	21	1	1	0.0845	2016	1	0.0845
116	"ozercan, halil ıbrahim"	-0.3512	0.2594	10	3	3	1	59	2.2568	2018	59	2.2568
117	"ozkurt, ezgi"	0.7923	-0.0122	11	7	7	1	15	1.25	2015	15	1.25
118	"ozturk, ozcan"	-0.6205	-0.1363	1	4	4	1	0	0	2021	0	0
119	"pekhimenko, gennady"	-0.2842	-0.0256	8	8	13	2	44	3.6843	2015.5	22	1.8421
120	"perniola, rocco"	0.5561	0.7207	7	13	35	3	33	2.7887	2016.3333	11	0.9296
121	"ramsay, michele"	0.1734	-1.0035	6	14	14	1	0	1	2022	0	1
122	"rasekh, marzieh eslami"	0.2738	0.4963	9	12	13	2	21	1.9342	2018.5	10.5	0.9671
123	"raza, umar"	-0.3417	0.8036	3	17	26	3	30	1.1475	2017.3333	10	0.3825
124	"riazalhosseini, yasser"	-0.3096	0.7307	3	10	16	2	0	0	2017	0	0
125	"ricketts, camir"	0.2005	0.4333	9	5	5	1	5	0.5085	2020	5	0.5085
126	"rotman, jeremy"	-0.8652	0.172	5	16	16	1	5	2	2021	5	2
127	"rotunno, silvia"	0.4239	0.8483	7	13	13	1	0	0	2017	0	0
128	"rowe, helen"	0.1349	-1.0958	6	14	14	1	0	1	2022	0	1
129	"saatci, ozge"	-0.2728	0.8932	3	10	10	1	30	1.1475	2018	30	1.1475
130	"sagiroglu, mahmut samil"	0.0537	-0.2979	4	8	8	1	2	0.1667	2015	2	0.1667
131	"sahin, ozgur"	-0.3006	0.7987	3	17	26	3	30	1.1475	2017.3333	10	0.3825
132	"sahinalp, s. cenk"	0.0943	-0.2776	4	8	8	1	2	0.1667	2015	2	0.1667
133	"sarac, hilal"	0.7888	-0.0554	11	7	7	1	15	1.25	2015	15	1.25
134	"schneider, valerie a."	0.4101	-0.3908	12	6	6	1	11	0.9802	2017	11	0.9802
135	"scibisz, allison"	-0.7149	-0.1896	1	15	15	1	14	1.4237	2020	14	1.4237
136	"shahroodi, taha"	-0.7027	-0.0817	1	4	4	1	13	1.322	2020	13	1.322
137	"shi, huwenbo"	-0.803	0.2614	5	16	16	1	5	2	2021	5	2
138	"singer, benjamin d."	-0.8933	0.2514	5	16	16	1	5	2	2021	5	2
139	"singh, gagandeep"	-0.7772	-0.4328	1	17	17	1	0	1	2022	0	1
140	"skums, pavel"	-0.8619	0.2153	5	16	16	1	5	2	2021	5	2
141	"somel, mehmet"	0.9139	-0.0532	11	27	28	2	16	1.3345	2015.5	8	0.6673
142	"soylev, arda"	0.2459	0.0505	13	5	7	2	25	1.4548	2018	12.5	0.7274
143	"steinberg, karyn meltz"	0.4339	-0.4154	12	6	6	1	11	0.9802	2017	11	0.9802
144	"subramanian, lavanya"	-0.8178	-0.237	1	15	15	1	14	1.4237	2020	14	1.4237
145	"subramoney, sreenivas"	-0.8011	-0.3104	1	23	32	2	14	2.4237	2021	7	1.2119
146	"sullivan, beth"	0.0921	-1.0247	6	14	14	1	0	1	2022	0	1
147	"tang, joyce"	0.3136	0.547	9	8	8	1	16	1.4257	2017	16	1.4257
148	"taraszka, kodi"	-0.7901	0.1372	5	16	16	1	5	2	2021	5	2
149	"thieffry, denis"	-0.2692	0.7381	3	10	16	2	0	0	2017	0	0
150	thong minh le	0.2848	0.0388	13	4	4	1	14	0.4746	2019	14	0.4746
151	"togan, ınci"	1.0718	-0.0265	2	21	21	1	1	0.0845	2016	1	0.0845
152	"tokat, unal"	-0.2184	0.7568	3	8	8	1	0	0	2017	0	0
153	"tokat, unal metin"	-0.3636	0.7314	3	8	8	1	0	0	2017	0	0
154	"ventura, mario"	0.4298	0.6543	7	19	43	4	49	4.2145	2016.5	12.25	1.0536
155	"warren, wesley c."	0.439	-0.4495	12	6	6	1	11	0.9802	2017	11	0.9802
156	"wiemann, stefan"	-0.3202	0.9104	3	10	10	1	30	1.1475	2018	30	1.1475
157	"wilson, richard k."	0.4499	-0.385	12	6	6	1	11	0.9802	2017	11	0.9802
158	"xin, hongyi"	-0.3342	-0.1124	8	17	32	5	147	9.7486	2016.2	29.4	1.9497
159	"xue, victor"	-0.835	0.1235	5	16	16	1	5	2	2021	5	2
160	"yaka, reyhan"	1.1147	-0.0349	2	21	21	1	1	0.0845	2016	1	0.0845
161	"yang, harry taegyun"	-0.8181	0.2161	5	16	16	1	5	2	2021	5	2
162	"yuksel, bayram"	0.0882	-0.3194	4	8	8	1	2	0.1667	2015	2	0.1667
163	"yuncu, eren"	1.1672	-0.1307	2	21	21	1	1	0.0845	2016	1	0.0845
164	"zelikovsky, alex"	-0.7706	0.2251	5	16	16	1	5	2	2021	5	2
165	"zhang, lillian"	-0.129	-0.4104	4	5	5	1	20	0.765	2018	20	0.765
166	"zhu, richard"	-0.2353	-0.0256	8	7	7	1	15	1.2676	2016	15	1.2676
167	"zuo, ziyi"	-0.7991	-0.385	1	17	17	1	0	1	2022	0	1
168	"ıleri, atalay mert"	-0.3341	0.2362	10	3	3	1	59	2.2568	2018	59	2.2568
169	"ıseric, hamza"	-0.1228	-0.3316	4	3	3	1	0	1	2022	0	1
